0 7;
1 note 60 100;
1.54 knob 2 0.0156403;
1.63 knob 2 0.180841;
1.73 knob 2 0.5826;
1.83 knob 2 1;
2.54 knob 2 0.836755;
2.65 knob 2 0.552297;
2.75 knob 2 0.173998;
2.78 knob 2 0;
3.43 knob 2 0.0508309;
3.57 knob 2 0.435973;
3.6 knob 2 0.602151;
3.68 knob 2 0.837732;
3.77 knob 2 1;
4.42 knob 2 0.979472;
4.5 knob 2 0.72825;
4.59 knob 2 0.302053;
4.69 knob 2 0;
5.2 knob 2 0.0215054;
5.31 knob 2 0.231672;
5.33 knob 2 0.386119;
5.42 knob 2 0.685239;
5.52 knob 2 1;
6.24 knob 2 0.863148;
6.33 knob 2 0.55914;
6.43 knob 2 0.16911;
6.53 knob 2 0;
7.34 note-off 60 0;
